0.00 0.000 0.000 0
0.00 0.000 0.027 0
0.01 0.040 0.037 2
0.02 0.079 0.073 2
0.03 0.118 0.101 2
0.04 0.155 0.148 2
0.05 0.192 0.206 2
0.06 0.228 0.240 2
0.07 0.264 0.265 2
0.08 0.298 0.327 2
0.09 0.333 0.331 2
0.10 0.366 0.365 2
0.11 0.399 0.403 2
0.12 0.431 0.429 2
0.13 0.462 0.468 2
0.14 0.493 0.508 2
0.15 0.523 0.507 2
0.16 0.552 0.544 2
0.17 0.581 0.580 2
0.18 0.610 0.618 2
0.19 0.638 0.619 2
0.20 0.665 0.673 2
0.21 0.691 0.688 2
0.22 0.718 0.717 2
0.23 0.743 0.735 2
0.24 0.768 0.750 2
0.25 0.793 0.779 2
0.26 0.817 0.817 2
0.27 0.841 0.859 2
0.28 0.864 0.867 2
0.29 0.887 0.876 2
0.30 0.909 0.904 2
0.31 0.931 0.927 2
0.32 0.952 0.937 2
0.33 0.973 0.976 2
0.34 0.994 0.999 2
0.35 1.014 1.016 2
0.36 1.034 1.025 2
0.37 1.053 1.047 2
0.38 1.072 1.073 2
0.39 1.090 1.081 2
0.40 1.109 1.112 2
0.41 1.126 1.123 2
0.42 1.144 1.145 2
0.43 1.161 1.149 2
0.44 1.178 1.188 2
0.45 1.194 1.191 2
0.46 1.210 1.201 2
0.47 1.226 1.209 2
0.48 1.242 1.224 2
0.49 1.257 1.254 2
0.50 1.272 1.280 2
0.51 1.286 1.285 2
0.52 1.301 1.313 2
0.53 1.314 1.319 2
0.54 1.328 1.347 2
0.55 1.342 1.347 2
0.56 1.355 1.341 2
0.57 1.368 1.374 2
0.58 1.380 1.383 2
0.59 1.393 1.370 2
0.60 1.405 1.412 2
0.61 1.417 1.430 2
0.62 1.428 1.442 2
0.63 1.440 1.434 2
0.64 1.451 1.440 2
0.65 1.462 1.455 2
0.66 1.473 1.468 2
0.67 1.483 1.486 2
0.68 1.494 1.489 2
0.69 1.504 1.490 2
0.70 1.514 1.509 2
0.71 1.523 1.507 2
0.72 1.533 1.537 2
0.73 1.542 1.538 2
0.74 1.552 1.534 2
0.75 1.560 1.576 2
0.76 1.569 1.559 2
0.77 1.578 1.605 2
0.78 1.586 1.590 2
0.79 1.595 1.601 2
0.80 1.603 1.615 2
0.81 1.611 1.598 2
0.82 1.618 1.614 2
0.83 1.626 1.629 2
0.84 1.634 1.619 2
0.85 1.641 1.643 2
0.86 1.648 1.645 2
0.87 1.655 1.670 2
0.88 1.662 1.655 2
0.89 1.669 1.653 2
0.90 1.675 1.667 2
0.91 1.682 1.669 2
0.92 1.688 1.666 2
0.93 1.694 1.688 2
0.94 1.701 1.711 2
0.95 1.707 1.722 2
0.96 1.712 1.730 2
0.97 1.718 1.725 2
0.98 1.724 1.742 2
0.99 1.729 1.727 2
1.00 1.735 1.740 2
1.01 1.740 1.763 2
1.02 1.745 1.747 2
1.03 1.750 1.760 2
1.04 1.755 1.768 2
1.05 1.760 1.759 2
1.06 1.765 1.771 2
1.07 1.770 1.773 2
1.08 1.774 1.776 2
1.09 1.779 1.790 2
1.10 1.783 1.780 2
1.11 1.788 1.794 2
1.12 1.792 1.778 2
1.13 1.796 1.799 2
1.14 1.800 1.797 2
1.15 1.804 1.818 2
1.16 1.808 1.802 2
1.17 1.812 1.817 2
1.18 1.816 1.821 2
1.19 1.819 1.809 2
1.20 1.823 1.841 2
1.21 1.826 1.816 2
1.22 1.830 1.818 2
1.23 1.833 1.836 2
1.24 1.837 1.846 2
1.25 1.840 1.847 2
1.26 1.843 1.836 2
1.27 1.846 1.857 2
1.28 1.849 1.839 2
1.29 1.852 1.846 2
1.30 1.855 1.865 2
1.31 1.858 1.869 2
1.32 1.861 1.892 2
1.33 1.864 1.854 2
1.34 1.867 1.871 2
1.35 1.869 1.872 2
1.36 1.872 1.849 2
1.37 1.874 1.872 2
1.38 1.877 1.880 2
1.39 1.879 1.881 2
1.40 1.882 1.872 2
1.41 1.884 1.895 2
1.42 1.886 1.888 2
1.43 1.889 1.881 2
1.44 1.891 1.896 2
1.45 1.893 1.883 2
1.46 1.895 1.892 2
1.47 1.897 1.909 2
1.48 1.899 1.892 2
1.49 1.901 1.905 2
1.50 1.903 1.909 2
1.51 1.905 1.909 2
1.52 1.907 1.908 2
1.53 1.909 1.917 2
1.54 1.911 1.912 2
1.55 1.913 1.898 2
1.56 1.914 1.906 2
1.57 1.916 1.916 2
1.58 1.918 1.920 2
1.59 1.919 1.914 2
1.60 1.921 1.915 2
1.61 1.923 1.925 2
1.62 1.924 1.924 2
1.63 1.926 1.907 2
1.64 1.927 1.925 2
1.65 1.929 1.925 2
1.66 1.930 1.944 2
1.67 1.931 1.928 2
1.68 1.933 1.940 2
1.69 1.934 1.930 2
1.70 1.936 1.920 2
1.71 1.937 1.932 2
1.72 1.938 1.922 2
1.73 1.939 1.954 2
1.74 1.941 1.942 2
1.75 1.942 1.944 2
1.76 1.943 1.938 2
1.77 1.944 1.939 2
1.78 1.945 1.957 2
1.79 1.946 1.956 2
1.80 1.947 1.947 2
1.81 1.948 1.959 2
1.82 1.949 1.943 2
1.83 1.950 1.962 2
1.84 1.951 1.961 2
1.85 1.952 1.946 2
1.86 1.953 1.957 2
1.87 1.954 1.960 2
1.88 1.955 1.968 2
1.89 1.956 1.941 2
1.90 1.957 1.968 2
1.91 1.958 1.946 2
1.92 1.959 1.987 2
1.93 1.959 1.950 2
1.94 1.960 1.973 2
1.95 1.961 1.962 2
1.96 1.962 1.973 2
1.97 1.963 1.971 2
1.98 1.963 1.967 2
1.99 1.964 1.953 2
2.00 1.965 1.960 2
2.01 1.966 1.951 2
2.02 1.966 1.985 2
2.03 1.967 1.971 2
2.04 1.968 1.962 2
2.05 1.968 1.954 2
2.06 1.969 1.963 2
2.07 1.969 1.966 2
2.08 1.970 1.962 2
2.09 1.971 1.974 2
2.10 1.971 1.982 2
2.11 1.972 1.970 2
2.12 1.972 1.969 2
2.13 1.973 1.961 2
2.14 1.973 1.985 2
2.15 1.974 1.983 2
2.16 1.975 1.962 2
2.17 1.975 1.986 2
2.18 1.976 1.986 2
2.19 1.976 1.980 2
2.20 1.977 1.980 2
2.21 1.977 1.973 2
2.22 1.977 1.969 2
2.23 1.978 1.976 2
2.24 1.978 2.005 2
2.25 1.979 1.968 2
2.26 1.979 1.986 2
2.27 1.980 1.976 2
2.28 1.980 1.983 2
2.29 1.980 1.981 2
2.30 1.981 1.981 2
2.31 1.981 1.988 2
2.32 1.982 1.997 2
2.33 1.982 1.987 2
2.34 1.982 1.986 2
2.35 1.983 1.973 2
2.36 1.983 1.982 2
2.37 1.983 1.981 2
2.38 1.984 1.985 2
2.39 1.984 1.974 2
2.40 1.984 1.978 2
2.41 1.985 1.977 2
2.42 1.985 1.991 2
2.43 1.985 1.979 2
2.44 1.986 1.999 2
2.45 1.986 1.981 2
2.46 1.986 1.974 2
2.47 1.986 1.987 2
2.48 1.987 1.978 2
2.49 1.987 1.977 2
2.50 1.987 1.998 2
2.51 1.987 1.991 2
2.52 1.988 1.991 2
2.53 1.988 1.968 2
2.54 1.988 1.991 2
2.55 1.988 1.977 2
2.56 1.989 1.994 2
2.57 1.989 2.010 2
2.58 1.989 1.990 2
2.59 1.989 1.989 2
2.60 1.990 1.984 2
2.61 1.990 1.984 2
2.62 1.990 2.001 2
2.63 1.990 1.988 2
2.64 1.990 1.991 2
2.65 1.991 1.997 2
2.66 1.991 2.000 2
2.67 1.991 1.991 2
2.68 1.991 1.977 2
2.69 1.991 1.978 2
2.70 1.991 1.977 2
2.71 1.992 1.992 2
2.72 1.992 2.000 2
2.73 1.992 1.993 2
2.74 1.992 2.002 2
2.75 1.992 1.987 2
2.76 1.992 1.995 2
2.77 1.993 1.986 2
2.78 1.993 1.992 2
2.79 1.993 1.989 2
2.80 1.993 1.997 2
2.81 1.993 1.996 2
2.82 1.993 1.997 2
2.83 1.993 1.993 2
2.84 1.994 1.998 2
2.85 1.994 2.004 2
2.86 1.994 1.995 2
2.87 1.994 2.014 2
2.88 1.994 1.987 2
2.89 1.994 2.000 2
2.90 1.994 1.987 2
2.91 1.994 1.998 2
2.92 1.995 2.001 2
2.93 1.995 2.000 2
2.94 1.995 1.996 2
2.95 1.995 1.991 2
2.96 1.995 1.989 2
2.97 1.995 2.001 2
2.98 1.995 1.982 2
2.99 1.995 1.985 2
3.00 1.995 1.988 2
3.01 1.995 1.993 2
3.02 1.996 1.982 2
3.03 1.996 1.997 2
3.04 1.996 1.999 2
3.05 1.996 2.004 2
3.06 1.996 2.000 2
3.07 1.996 1.991 2
3.08 1.996 1.999 2
3.09 1.996 1.996 2
3.10 1.996 1.988 2
3.11 1.996 2.009 2
3.12 1.996 1.989 2
3.13 1.996 1.997 2
3.14 1.996 1.985 2
3.15 1.997 1.980 2
3.16 1.997 1.998 2
3.17 1.997 2.002 2
3.18 1.997 1.984 2
3.19 1.997 1.978 2
3.20 1.997 2.003 2
3.21 1.997 1.997 2
3.22 1.997 2.000 2
3.23 1.997 2.003 2
3.24 1.997 1.988 2
3.25 1.997 2.008 2
3.26 1.997 1.991 2
3.27 1.997 1.999 2
3.28 1.997 2.005 2
3.29 1.997 2.001 2
3.30 1.997 1.996 2
3.31 1.998 1.997 2
3.32 1.998 2.003 2
3.33 1.998 1.992 2
3.34 1.998 2.008 2
3.35 1.998 2.018 2
3.36 1.998 1.995 2
3.37 1.998 1.984 2
3.38 1.998 1.999 2
3.39 1.998 1.996 2
3.40 1.998 1.984 2
3.41 1.998 1.995 2
3.42 1.998 2.005 2
3.43 1.998 1.998 2
3.44 1.998 1.988 2
3.45 1.998 2.009 2
3.46 1.998 2.003 2
3.47 1.998 2.008 2
3.48 1.998 2.007 2
3.49 1.998 1.983 2
3.50 1.998 2.000 2
3.51 1.998 1.987 2
3.52 1.998 1.989 2
3.53 1.998 1.986 2
3.54 1.998 1.996 2
3.55 1.998 1.987 2
3.56 1.998 2.000 2
3.57 1.999 1.988 2
3.58 1.999 2.001 2
3.59 1.999 1.995 2
3.60 1.999 1.985 2
3.61 1.999 1.992 2
3.62 1.999 1.992 2
3.63 1.999 2.027 2
3.64 1.999 2.005 2
3.65 1.999 2.000 2
3.66 1.999 1.984 2
3.67 1.999 2.002 2
3.68 1.999 1.996 2
3.69 1.999 2.001 2
3.70 1.999 1.986 2
3.71 1.999 1.999 2
3.72 1.999 1.998 2
3.73 1.999 1.994 2
3.74 1.999 1.998 2
3.75 1.999 2.009 2
3.76 1.999 1.996 2
3.77 1.999 1.995 2
3.78 1.999 1.988 2
3.79 1.999 2.002 2
3.80 1.999 1.996 2
3.81 1.999 1.990 2
3.82 1.999 2.012 2
3.83 1.999 1.992 2
3.84 1.999 2.006 2
3.85 1.999 2.004 2
3.86 1.999 2.007 2
3.87 1.999 1.992 2
3.88 1.999 2.000 2
3.89 1.999 2.019 2
3.90 1.999 1.997 2
3.91 1.999 2.007 2
3.92 1.999 1.995 2
3.93 1.999 2.006 2
3.94 1.999 1.999 2
3.95 1.999 1.990 2
3.96 1.999 2.001 2
3.97 1.999 1.986 2
3.98 1.999 2.004 2
3.99 1.999 1.999 2
4.00 1.999 1.992 2
4.01 1.999 2.010 2
4.02 1.999 2.005 2
4.03 1.999 1.990 2
4.04 1.999 1.976 2
4.05 1.999 2.005 2
4.06 1.999 2.001 2
4.07 1.999 1.992 2
4.08 1.999 1.991 2
4.09 1.999 1.997 2
4.10 1.999 1.987 2
4.11 2.000 2.002 2
4.12 2.000 2.003 2
4.13 2.000 2.000 2
4.14 2.000 1.994 2
4.15 2.000 1.994 2
4.16 2.000 1.991 2
4.17 2.000 2.005 2
4.18 2.000 2.006 2
4.19 2.000 1.992 2
4.20 2.000 1.974 2
4.21 2.000 1.987 2
4.22 2.000 1.976 2
4.23 2.000 1.998 2
4.24 2.000 2.008 2
4.25 2.000 2.000 2
4.26 2.000 2.014 2
4.27 2.000 1.966 2
4.28 2.000 2.013 2
4.29 2.000 2.002 2
4.30 2.000 1.992 2
4.31 2.000 1.999 2
4.32 2.000 2.025 2
4.33 2.000 2.001 2
4.34 2.000 1.996 2
4.35 2.000 2.010 2
4.36 2.000 2.012 2
4.37 2.000 2.007 2
4.38 2.000 2.010 2
4.39 2.000 1.998 2
4.40 2.000 1.984 2
4.41 2.000 1.987 2
4.42 2.000 2.002 2
4.43 2.000 2.012 2
4.44 2.000 2.003 2
4.45 2.000 2.002 2
4.46 2.000 2.007 2
4.47 2.000 1.988 2
4.48 2.000 2.004 2
4.49 2.000 2.003 2
4.50 2.000 1.985 2
4.51 2.000 2.015 2
4.52 2.000 2.007 2
4.53 2.000 1.996 2
4.54 2.000 2.013 2
4.55 2.000 2.007 2
4.56 2.000 2.011 2
4.57 2.000 1.990 2
4.58 2.000 1.990 2
4.59 2.000 2.016 2
4.60 2.000 2.002 2
4.61 2.000 2.001 2
4.62 2.000 2.002 2
4.63 2.000 1.992 2
4.64 2.000 2.009 2
4.65 2.000 2.015 2
4.66 2.000 1.993 2
4.67 2.000 1.986 2
4.68 2.000 1.997 2
4.69 2.000 2.010 2
4.70 2.000 2.011 2
4.71 2.000 2.012 2
4.72 2.000 2.006 2
4.73 2.000 2.005 2
4.74 2.000 1.994 2
4.75 2.000 2.000 2
4.76 2.000 2.011 2
4.77 2.000 2.007 2
4.78 2.000 1.983 2
4.79 2.000 2.006 2
4.80 2.000 1.987 2
4.81 2.000 1.991 2
4.82 2.000 1.986 2
4.83 2.000 1.994 2
4.84 2.000 1.994 2
4.85 2.000 2.016 2
4.86 2.000 1.981 2
4.87 2.000 1.994 2
4.88 2.000 2.003 2
4.89 2.000 1.991 2
4.90 2.000 2.006 2
4.91 2.000 2.010 2
4.92 2.000 2.014 2
4.93 2.000 2.000 2
4.94 2.000 1.999 2
4.95 2.000 1.999 2
4.96 2.000 2.004 2
4.97 2.000 2.016 2
4.98 2.000 2.017 2
4.99 2.000 1.994 2
5.00 2.000 1.994 2
5.01 1.980 1.974 1
5.02 1.960 1.955 1
5.03 1.941 1.919 1
5.04 1.922 1.929 1
5.05 1.904 1.909 1
5.06 1.886 1.891 1
5.07 1.868 1.865 1
5.08 1.851 1.848 1
5.09 1.834 1.841 1
5.10 1.817 1.818 1
5.11 1.801 1.808 1
5.12 1.785 1.790 1
5.13 1.769 1.766 1
5.14 1.754 1.762 1
5.15 1.739 1.743 1
5.16 1.724 1.729 1
5.17 1.709 1.713 1
5.18 1.695 1.712 1
5.19 1.681 1.689 1
5.20 1.668 1.678 1
5.21 1.654 1.662 1
5.22 1.641 1.633 1
5.23 1.628 1.637 1
5.24 1.616 1.607 1
5.25 1.603 1.583 1
5.26 1.591 1.594 1
5.27 1.580 1.572 1
5.28 1.568 1.566 1
5.29 1.557 1.571 1
5.30 1.545 1.556 1
5.31 1.535 1.547 1
5.32 1.524 1.524 1
5.33 1.513 1.519 1
5.34 1.503 1.496 1
5.35 1.493 1.493 1
5.36 1.483 1.482 1
5.37 1.474 1.478 1
5.38 1.464 1.461 1
5.39 1.455 1.452 1
5.40 1.446 1.436 1
5.41 1.437 1.440 1
5.42 1.428 1.413 1
5.43 1.419 1.431 1
5.44 1.411 1.422 1
5.45 1.403 1.398 1
5.46 1.395 1.405 1
5.47 1.387 1.374 1
5.48 1.379 1.369 1
5.49 1.372 1.383 1
5.50 1.364 1.348 1
5.51 1.357 1.365 1
5.52 1.350 1.337 1
5.53 1.343 1.352 1
5.54 1.336 1.339 1
5.55 1.329 1.343 1
5.56 1.323 1.326 1
5.57 1.316 1.312 1
5.58 1.310 1.302 1
5.59 1.304 1.318 1
5.60 1.298 1.290 1
5.61 1.292 1.278 1
5.62 1.286 1.287 1
5.63 1.280 1.272 1
5.64 1.274 1.254 1
5.65 1.269 1.258 1
5.66 1.264 1.259 1
5.67 1.258 1.265 1
5.68 1.253 1.260 1
5.69 1.248 1.230 1
5.70 1.243 1.262 1
5.71 1.238 1.205 1
5.72 1.233 1.230 1
5.73 1.229 1.219 1
5.74 1.224 1.230 1
5.75 1.220 1.232 1
5.76 1.215 1.215 1
5.77 1.211 1.206 1
5.78 1.207 1.199 1
5.79 1.203 1.203 1
5.80 1.199 1.185 1
5.81 1.195 1.204 1
5.82 1.191 1.193 1
5.83 1.187 1.186 1
5.84 1.183 1.200 1
5.85 1.180 1.193 1
5.86 1.176 1.165 1
5.87 1.172 1.190 1
5.88 1.169 1.161 1
5.89 1.166 1.165 1
5.90 1.162 1.164 1
5.91 1.159 1.160 1
5.92 1.156 1.172 1
5.93 1.153 1.157 1
5.94 1.150 1.151 1
5.95 1.147 1.131 1
5.96 1.144 1.133 1
5.97 1.141 1.139 1
5.98 1.138 1.117 1
5.99 1.135 1.130 1
6.00 1.133 1.136 1
6.01 1.130 1.128 1
6.02 1.127 1.121 1
6.03 1.125 1.133 1
6.04 1.122 1.122 1
6.05 1.120 1.114 1
6.06 1.117 1.099 1
6.07 1.115 1.123 1
6.08 1.113 1.109 1
6.09 1.111 1.105 1
6.10 1.108 1.078 1
6.11 1.106 1.106 1
6.12 1.104 1.117 1
6.13 1.102 1.107 1
6.14 1.100 1.102 1
6.15 1.098 1.094 1
6.16 1.096 1.092 1
6.17 1.094 1.103 1
6.18 1.092 1.087 1
6.19 1.090 1.090 1
6.20 1.089 1.102 1
6.21 1.087 1.075 1
6.22 1.085 1.084 1
6.23 1.083 1.080 1
6.24 1.082 1.084 1
6.25 1.080 1.080 1
6.26 1.078 1.087 1
6.27 1.077 1.063 1
6.28 1.075 1.064 1
6.29 1.074 1.072 1
6.30 1.072 1.082 1
6.31 1.071 1.061 1
6.32 1.069 1.075 1
6.33 1.068 1.069 1
6.34 1.067 1.073 1
6.35 1.065 1.078 1
6.36 1.064 1.067 1
6.37 1.063 1.066 1
6.38 1.062 1.066 1
6.39 1.060 1.077 1
6.40 1.059 1.063 1
6.41 1.058 1.055 1
6.42 1.057 1.059 1
6.43 1.056 1.038 1
6.44 1.055 1.059 1
6.45 1.053 1.052 1
6.46 1.052 1.053 1
6.47 1.051 1.070 1
6.48 1.050 1.032 1
6.49 1.049 1.051 1
6.50 1.048 1.048 1
6.51 1.047 1.032 1
6.52 1.046 1.042 1
6.53 1.045 1.050 1
6.54 1.045 1.044 1
6.55 1.044 1.058 1
6.56 1.043 1.042 1
6.57 1.042 1.034 1
6.58 1.041 1.043 1
6.59 1.040 1.037 1
6.60 1.039 1.051 1
6.61 1.039 1.016 1
6.62 1.038 1.050 1
6.63 1.037 1.045 1
6.64 1.036 1.039 1
6.65 1.036 1.041 1
6.66 1.035 1.020 1
6.67 1.034 1.053 1
6.68 1.034 1.055 1
6.69 1.033 1.039 1
6.70 1.032 1.027 1
6.71 1.032 1.020 1
6.72 1.031 1.035 1
6.73 1.030 1.036 1
6.74 1.030 1.010 1
6.75 1.029 1.027 1
6.76 1.029 1.024 1
6.77 1.028 1.023 1
6.78 1.027 1.015 1
6.79 1.027 1.033 1
6.80 1.026 1.004 1
6.81 1.026 1.035 1
6.82 1.025 1.029 1
6.83 1.025 1.030 1
6.84 1.024 1.023 1
6.85 1.024 1.019 1
6.86 1.023 1.029 1
6.87 1.023 1.025 1
6.88 1.022 1.026 1
6.89 1.022 1.031 1
6.90 1.022 1.028 1
6.91 1.021 1.037 1
6.92 1.021 1.037 1
6.93 1.020 1.023 1
6.94 1.020 1.015 1
6.95 1.019 1.013 1
6.96 1.019 1.015 1
6.97 1.019 1.027 1
6.98 1.018 1.008 1
6.99 1.018 1.009 1
7.00 1.018 1.027 1
7.01 1.017 1.009 1
7.02 1.017 1.005 1
7.03 1.017 1.024 1
7.04 1.016 1.012 1
7.05 1.016 1.021 1
7.06 1.016 1.011 1
7.07 1.015 1.018 1
7.08 1.015 1.035 1
7.09 1.015 1.002 1
7.10 1.014 1.036 1
7.11 1.014 1.012 1
7.12 1.014 1.011 1
7.13 1.014 1.012 1
7.14 1.013 1.002 1
7.15 1.013 1.006 1
7.16 1.013 1.027 1
7.17 1.012 1.013 1
7.18 1.012 1.001 1
7.19 1.012 1.008 1
7.20 1.012 0.998 1
7.21 1.012 1.018 1
7.22 1.011 1.015 1
7.23 1.011 1.016 1
7.24 1.011 1.018 1
7.25 1.011 0.996 1
7.26 1.010 1.004 1
7.27 1.010 1.002 1
7.28 1.010 1.004 1
7.29 1.010 1.033 1
7.30 1.010 1.005 1
7.31 1.009 1.009 1
7.32 1.009 1.014 1
7.33 1.009 1.011 1
7.34 1.009 1.001 1
7.35 1.009 1.013 1
7.36 1.008 0.999 1
7.37 1.008 1.002 1
7.38 1.008 1.016 1
7.39 1.008 1.014 1
7.40 1.008 1.017 1
7.41 1.008 0.999 1
7.42 1.008 1.005 1
7.43 1.007 1.003 1
7.44 1.007 1.008 1
7.45 1.007 1.008 1
7.46 1.007 0.997 1
7.47 1.007 1.015 1
7.48 1.007 0.993 1
7.49 1.007 1.014 1
7.50 1.006 1.006 1
7.51 1.006 0.999 1
7.52 1.006 1.017 1
7.53 1.006 0.994 1
7.54 1.006 1.016 1
7.55 1.006 1.005 1
7.56 1.006 1.010 1
7.57 1.006 0.994 1
7.58 1.005 1.005 1
7.59 1.005 1.012 1
7.60 1.005 1.008 1
7.61 1.005 1.006 1
7.62 1.005 1.015 1
7.63 1.005 1.030 1
7.64 1.005 1.020 1
7.65 1.005 1.009 1
7.66 1.005 1.009 1
7.67 1.005 1.001 1
7.68 1.004 0.996 1
7.69 1.004 1.026 1
7.70 1.004 1.006 1
7.71 1.004 1.001 1
7.72 1.004 1.028 1
7.73 1.004 1.008 1
7.74 1.004 1.005 1
7.75 1.004 1.021 1
7.76 1.004 0.986 1
7.77 1.004 0.994 1
7.78 1.004 0.990 1
7.79 1.004 1.000 1
7.80 1.003 1.006 1
7.81 1.003 1.002 1
7.82 1.003 1.012 1
7.83 1.003 1.017 1
7.84 1.003 1.008 1
7.85 1.003 0.996 1
7.86 1.003 0.977 1
7.87 1.003 1.003 1
7.88 1.003 0.988 1
7.89 1.003 1.006 1
7.90 1.003 1.014 1
7.91 1.003 0.984 1
7.92 1.003 1.019 1
7.93 1.003 0.991 1
7.94 1.003 1.006 1
7.95 1.003 1.001 1
7.96 1.003 0.996 1
7.97 1.002 1.003 1
7.98 1.002 1.014 1
7.99 1.002 1.016 1
8.00 1.002 0.986 1
8.01 1.002 0.977 1
8.02 1.002 1.011 1
8.03 1.002 1.001 1
8.04 1.002 1.010 1
8.05 1.002 1.005 1
8.06 1.002 1.010 1
8.07 1.002 1.012 1
8.08 1.002 1.010 1
8.09 1.002 1.010 1
8.10 1.002 1.021 1
8.11 1.002 1.001 1
8.12 1.002 1.007 1
8.13 1.002 0.992 1
8.14 1.002 1.009 1
8.15 1.002 0.999 1
8.16 1.002 1.023 1
8.17 1.002 0.988 1
8.18 1.002 1.010 1
8.19 1.002 0.989 1
8.20 1.002 1.020 1
8.21 1.002 0.986 1
8.22 1.001 0.979 1
8.23 1.001 1.001 1
8.24 1.001 1.014 1
8.25 1.001 0.998 1
8.26 1.001 0.985 1
8.27 1.001 0.996 1
8.28 1.001 0.994 1
8.29 1.001 1.004 1
8.30 1.001 1.016 1
8.31 1.001 0.992 1
8.32 1.001 0.988 1
8.33 1.001 0.998 1
8.34 1.001 0.998 1
8.35 1.001 1.010 1
8.36 1.001 1.005 1
8.37 1.001 1.007 1
8.38 1.001 0.981 1
8.39 1.001 0.994 1
8.40 1.001 1.005 1
8.41 1.001 1.002 1
8.42 1.001 1.025 1
8.43 1.001 1.008 1
8.44 1.001 0.992 1
8.45 1.001 0.969 1
8.46 1.001 0.995 1
8.47 1.001 0.990 1
8.48 1.001 0.992 1
8.49 1.001 1.007 1
8.50 1.001 1.004 1
8.51 1.001 1.009 1
8.52 1.001 1.003 1
8.53 1.001 1.003 1
8.54 1.001 1.003 1
8.55 1.001 1.009 1
8.56 1.001 0.992 1
8.57 1.001 1.002 1
8.58 1.001 1.004 1
8.59 1.001 0.997 1
8.60 1.001 1.003 1
8.61 1.001 0.991 1
8.62 1.001 1.005 1
8.63 1.001 1.005 1
8.64 1.001 1.002 1
8.65 1.001 0.997 1
8.66 1.001 0.983 1
8.67 1.001 1.003 1
8.68 1.001 1.017 1
8.69 1.001 1.014 1
8.70 1.001 1.018 1
8.71 1.001 1.003 1
8.72 1.001 1.013 1
8.73 1.001 1.003 1
8.74 1.001 1.006 1
8.75 1.001 0.998 1
8.76 1.001 0.998 1
8.77 1.000 0.996 1
8.78 1.000 0.992 1
8.79 1.000 1.000 1
8.80 1.000 0.985 1
8.81 1.000 1.013 1
8.82 1.000 1.009 1
8.83 1.000 1.009 1
8.84 1.000 1.009 1
8.85 1.000 0.998 1
8.86 1.000 1.018 1
8.87 1.000 1.002 1
8.88 1.000 0.994 1
8.89 1.000 0.993 1
8.90 1.000 1.000 1
8.91 1.000 1.002 1
8.92 1.000 0.994 1
8.93 1.000 0.999 1
8.94 1.000 1.015 1
8.95 1.000 0.987 1
8.96 1.000 0.991 1
8.97 1.000 1.002 1
8.98 1.000 1.000 1
8.99 1.000 1.007 1
9.00 1.000 0.997 1
9.01 1.000 1.020 1
9.02 1.000 0.985 1
9.03 1.000 0.997 1
9.04 1.000 0.993 1
9.05 1.000 0.990 1
9.06 1.000 0.999 1
9.07 1.000 0.996 1
9.08 1.000 1.011 1
9.09 1.000 0.981 1
9.10 1.000 0.986 1
9.11 1.000 1.002 1
9.12 1.000 1.001 1
9.13 1.000 0.985 1
9.14 1.000 0.997 1
9.15 1.000 0.996 1
9.16 1.000 0.991 1
9.17 1.000 0.993 1
9.18 1.000 0.993 1
9.19 1.000 1.013 1
9.20 1.000 1.004 1
9.21 1.000 1.025 1
9.22 1.000 0.998 1
9.23 1.000 1.001 1
9.24 1.000 0.984 1
9.25 1.000 0.999 1
9.26 1.000 0.979 1
9.27 1.000 0.995 1
9.28 1.000 0.997 1
9.29 1.000 1.006 1
9.30 1.000 1.011 1
9.31 1.000 1.008 1
9.32 1.000 0.995 1
9.33 1.000 1.018 1
9.34 1.000 1.024 1
9.35 1.000 0.997 1
9.36 1.000 1.018 1
9.37 1.000 1.014 1
9.38 1.000 0.978 1
9.39 1.000 0.995 1
9.40 1.000 0.999 1
9.41 1.000 0.993 1
9.42 1.000 1.004 1
9.43 1.000 1.008 1
9.44 1.000 1.006 1
9.45 1.000 0.988 1
9.46 1.000 1.000 1
9.47 1.000 0.999 1
9.48 1.000 1.013 1
9.49 1.000 1.013 1
9.50 1.000 0.985 1
9.51 1.000 1.018 1
9.52 1.000 1.005 1
9.53 1.000 1.009 1
9.54 1.000 1.005 1
9.55 1.000 1.021 1
9.56 1.000 1.007 1
9.57 1.000 0.991 1
9.58 1.000 1.014 1
9.59 1.000 1.003 1
9.60 1.000 0.993 1
9.61 1.000 1.012 1
9.62 1.000 0.995 1
9.63 1.000 0.982 1
9.64 1.000 1.005 1
9.65 1.000 0.997 1
9.66 1.000 0.998 1
9.67 1.000 1.011 1
9.68 1.000 0.995 1
9.69 1.000 1.006 1
9.70 1.000 1.025 1
9.71 1.000 1.021 1
9.72 1.000 0.989 1
9.73 1.000 1.003 1
9.74 1.000 1.008 1
9.75 1.000 1.001 1
9.76 1.000 0.996 1
9.77 1.000 0.997 1
9.78 1.000 1.012 1
9.79 1.000 0.991 1
9.80 1.000 1.028 1
9.81 1.000 0.992 1
9.82 1.000 1.006 1
9.83 1.000 0.999 1
9.84 1.000 1.009 1
9.85 1.000 1.006 1
9.86 1.000 1.002 1
9.87 1.000 1.005 1
9.88 1.000 0.996 1
9.89 1.000 1.015 1
9.90 1.000 1.004 1
9.91 1.000 1.000 1
9.92 1.000 0.994 1
9.93 1.000 1.004 1
9.94 1.000 1.000 1
9.95 1.000 0.990 1
9.96 1.000 0.993 1
9.97 1.000 0.989 1
9.98 1.000 0.983 1
9.99 1.000 1.010 1
10.00 1.000 1.007 1
10.01 1.040 1.049 3
10.02 1.079 1.073 3
10.03 1.118 1.100 3
10.04 1.155 1.174 3
10.05 1.192 1.206 3
10.06 1.228 1.233 3
10.07 1.264 1.253 3
10.08 1.299 1.299 3
10.09 1.333 1.349 3
10.10 1.366 1.390 3
10.11 1.399 1.382 3
10.12 1.431 1.425 3
10.13 1.462 1.460 3
10.14 1.493 1.496 3
10.15 1.523 1.517 3
10.16 1.552 1.552 3
10.17 1.581 1.594 3
10.18 1.610 1.607 3
10.19 1.638 1.650 3
10.20 1.665 1.682 3
10.21 1.692 1.696 3
10.22 1.718 1.714 3
10.23 1.743 1.743 3
10.24 1.768 1.758 3
10.25 1.793 1.802 3
10.26 1.817 1.814 3
10.27 1.841 1.853 3
10.28 1.864 1.853 3
10.29 1.887 1.884 3
10.30 1.909 1.916 3
10.31 1.931 1.924 3
10.32 1.952 1.938 3
10.33 1.973 1.963 3
10.34 1.994 1.993 3
10.35 2.014 2.011 3
10.36 2.034 2.032 3
10.37 2.053 2.055 3
10.38 2.072 2.062 3
10.39 2.090 2.081 3
10.40 2.109 2.120 3
10.41 2.126 2.097 3
10.42 2.144 2.150 3
10.43 2.161 2.157 3
10.44 2.178 2.168 3
10.45 2.194 2.187 3
10.46 2.210 2.210 3
10.47 2.226 2.228 3
10.48 2.242 2.242 3
10.49 2.257 2.244 3
10.50 2.272 2.252 3
10.51 2.286 2.292 3
10.52 2.301 2.294 3
10.53 2.315 2.318 3
10.54 2.328 2.320 3
10.55 2.342 2.328 3
10.56 2.355 2.349 3
10.57 2.368 2.359 3
10.58 2.380 2.403 3
10.59 2.393 2.399 3
10.60 2.405 2.406 3
10.61 2.417 2.417 3
10.62 2.428 2.405 3
10.63 2.440 2.449 3
10.64 2.451 2.447 3
10.65 2.462 2.446 3
10.66 2.473 2.472 3
10.67 2.483 2.473 3
10.68 2.494 2.495 3
10.69 2.504 2.509 3
10.70 2.514 2.516 3
10.71 2.523 2.505 3
10.72 2.533 2.532 3
10.73 2.542 2.547 3
10.74 2.552 2.541 3
10.75 2.560 2.551 3
10.76 2.569 2.567 3
10.77 2.578 2.582 3
10.78 2.586 2.593 3
10.79 2.595 2.615 3
10.80 2.603 2.617 3
10.81 2.611 2.612 3
10.82 2.618 2.595 3
10.83 2.626 2.644 3
10.84 2.634 2.642 3
10.85 2.641 2.640 3
10.86 2.648 2.651 3
10.87 2.655 2.660 3
10.88 2.662 2.673 3
10.89 2.669 2.675 3
10.90 2.675 2.686 3
10.91 2.682 2.680 3
10.92 2.688 2.685 3
10.93 2.694 2.714 3
10.94 2.701 2.692 3
10.95 2.707 2.715 3
10.96 2.712 2.694 3
10.97 2.718 2.690 3
10.98 2.724 2.725 3
10.99 2.729 2.721 3
11.00 2.735 2.734 3
11.01 2.740 2.738 3
11.02 2.745 2.745 3
11.03 2.750 2.726 3
11.04 2.755 2.763 3
11.05 2.760 2.770 3
11.06 2.765 2.776 3
11.07 2.770 2.776 3
11.08 2.774 2.760 3
11.09 2.779 2.763 3
11.10 2.783 2.797 3
11.11 2.788 2.812 3
11.12 2.792 2.799 3
11.13 2.796 2.807 3
11.14 2.800 2.802 3
11.15 2.804 2.799 3
11.16 2.808 2.814 3
11.17 2.812 2.812 3
11.18 2.816 2.836 3
11.19 2.819 2.799 3
11.20 2.823 2.804 3
11.21 2.826 2.826 3
11.22 2.830 2.831 3
11.23 2.833 2.844 3
11.24 2.837 2.828 3
11.25 2.840 2.843 3
11.26 2.843 2.854 3
11.27 2.846 2.843 3
11.28 2.849 2.859 3
11.29 2.852 2.857 3
11.30 2.855 2.864 3
11.31 2.858 2.860 3
11.32 2.861 2.872 3
11.33 2.864 2.851 3
11.34 2.867 2.857 3
11.35 2.869 2.851 3
11.36 2.872 2.894 3
11.37 2.874 2.869 3
11.38 2.877 2.880 3
11.39 2.879 2.875 3
11.40 2.882 2.873 3
11.41 2.884 2.873 3
11.42 2.886 2.879 3
11.43 2.889 2.883 3
11.44 2.891 2.907 3
11.45 2.893 2.883 3
11.46 2.895 2.891 3
11.47 2.897 2.908 3
11.48 2.899 2.896 3
11.49 2.901 2.913 3
11.50 2.903 2.901 3
11.51 2.905 2.912 3
11.52 2.907 2.908 3
11.53 2.909 2.880 3
11.54 2.911 2.924 3
11.55 2.913 2.913 3
11.56 2.914 2.912 3
11.57 2.916 2.919 3
11.58 2.918 2.909 3
11.59 2.919 2.911 3
11.60 2.921 2.908 3
11.61 2.923 2.929 3
11.62 2.924 2.912 3
11.63 2.926 2.918 3
11.64 2.927 2.936 3
11.65 2.929 2.937 3
11.66 2.930 2.933 3
11.67 2.931 2.942 3
11.68 2.933 2.929 3
11.69 2.934 2.952 3
11.70 2.936 2.939 3
11.71 2.937 2.949 3
11.72 2.938 2.940 3
11.73 2.939 2.937 3
11.74 2.941 2.934 3
11.75 2.942 2.938 3
11.76 2.943 2.950 3
11.77 2.944 2.953 3
11.78 2.945 2.941 3
11.79 2.946 2.954 3
11.80 2.947 2.954 3
11.81 2.948 2.935 3
11.82 2.949 2.949 3
11.83 2.950 2.958 3
11.84 2.951 2.964 3
11.85 2.952 2.946 3
11.86 2.953 2.950 3
11.87 2.954 2.947 3
11.88 2.955 2.960 3
11.89 2.956 2.948 3
11.90 2.957 2.956 3
11.91 2.958 2.963 3
11.92 2.959 2.969 3
11.93 2.959 2.947 3
11.94 2.960 2.950 3
11.95 2.961 2.967 3
11.96 2.962 2.965 3
11.97 2.963 2.943 3
11.98 2.963 2.972 3
11.99 2.964 2.977 3
12.00 2.965 2.962 3
12.01 2.966 2.988 3
12.02 2.966 2.980 3
12.03 2.967 2.966 3
12.04 2.968 2.951 3
12.05 2.968 2.955 3
12.06 2.969 2.971 3
12.07 2.969 2.985 3
12.08 2.970 2.969 3
12.09 2.971 2.975 3
12.10 2.971 2.962 3
12.11 2.972 2.971 3
12.12 2.972 2.961 3
12.13 2.973 2.960 3
12.14 2.973 2.956 3
12.15 2.974 2.969 3
12.16 2.975 2.960 3
12.17 2.975 2.994 3
12.18 2.976 2.981 3
12.19 2.976 2.974 3
12.20 2.977 2.982 3
12.21 2.977 2.982 3
12.22 2.977 2.980 3
12.23 2.978 2.963 3
12.24 2.978 2.968 3
12.25 2.979 2.965 3
12.26 2.979 2.964 3
12.27 2.980 2.974 3
12.28 2.980 2.994 3
12.29 2.980 2.986 3
12.30 2.981 2.977 3
12.31 2.981 2.989 3
12.32 2.982 2.979 3
12.33 2.982 2.982 3
12.34 2.982 2.989 3
12.35 2.983 2.969 3
12.36 2.983 2.972 3
12.37 2.983 2.992 3
12.38 2.984 2.974 3
12.39 2.984 2.983 3
12.40 2.984 2.974 3
12.41 2.985 2.994 3
12.42 2.985 2.984 3
12.43 2.985 3.000 3
12.44 2.986 2.989 3
12.45 2.986 3.000 3
12.46 2.986 2.981 3
12.47 2.986 2.989 3
12.48 2.987 2.990 3
12.49 2.987 2.985 3
12.50 2.987 2.971 3
12.51 2.987 2.972 3
12.52 2.988 2.975 3
12.53 2.988 2.982 3
12.54 2.988 3.008 3
12.55 2.988 3.002 3
12.56 2.989 2.984 3
12.57 2.989 2.991 3
12.58 2.989 2.990 3
12.59 2.989 3.006 3
12.60 2.990 2.994 3
12.61 2.990 3.003 3
12.62 2.990 2.996 3
12.63 2.990 2.984 3
12.64 2.990 2.992 3
12.65 2.991 2.986 3
12.66 2.991 3.011 3
12.67 2.991 2.997 3
12.68 2.991 3.001 3
12.69 2.991 2.992 3
12.70 2.991 2.985 3
12.71 2.992 2.982 3
12.72 2.992 2.986 3
12.73 2.992 2.988 3
12.74 2.992 3.007 3
12.75 2.992 2.987 3
12.76 2.992 2.991 3
12.77 2.993 2.985 3
12.78 2.993 2.985 3
12.79 2.993 3.006 3
12.80 2.993 3.014 3
12.81 2.993 2.996 3
12.82 2.993 3.016 3
12.83 2.993 2.982 3
12.84 2.994 3.012 3
12.85 2.994 2.984 3
12.86 2.994 2.991 3
12.87 2.994 2.990 3
12.88 2.994 2.987 3
12.89 2.994 3.003 3
12.90 2.994 2.981 3
12.91 2.994 2.995 3
12.92 2.995 2.997 3
12.93 2.995 3.012 3
12.94 2.995 3.005 3
12.95 2.995 2.996 3
12.96 2.995 3.001 3
12.97 2.995 3.007 3
12.98 2.995 2.992 3
12.99 2.995 2.990 3
13.00 2.995 2.990 3
13.01 2.995 2.992 3
13.02 2.996 3.000 3
13.03 2.996 3.005 3
13.04 2.996 3.001 3
13.05 2.996 3.002 3
13.06 2.996 3.004 3
13.07 2.996 2.992 3
13.08 2.996 2.972 3
13.09 2.996 3.020 3
13.10 2.996 3.002 3
13.11 2.996 2.983 3
13.12 2.996 2.989 3
13.13 2.996 2.998 3
13.14 2.996 2.985 3
13.15 2.997 2.989 3
13.16 2.997 3.017 3
13.17 2.997 2.998 3
13.18 2.997 3.006 3
13.19 2.997 2.999 3
13.20 2.997 2.995 3
13.21 2.997 2.995 3
13.22 2.997 2.997 3
13.23 2.997 2.994 3
13.24 2.997 3.008 3
13.25 2.997 2.998 3
13.26 2.997 3.000 3
13.27 2.997 3.003 3
13.28 2.997 3.007 3
13.29 2.997 3.002 3
13.30 2.997 2.994 3
13.31 2.998 2.999 3
13.32 2.998 2.983 3
13.33 2.998 2.987 3
13.34 2.998 3.005 3
13.35 2.998 3.010 3
13.36 2.998 2.996 3
13.37 2.998 3.014 3
13.38 2.998 3.018 3
13.39 2.998 3.001 3
13.40 2.998 2.990 3
13.41 2.998 3.009 3
13.42 2.998 2.987 3
13.43 2.998 2.971 3
13.44 2.998 2.999 3
13.45 2.998 2.992 3
13.46 2.998 3.004 3
13.47 2.998 3.012 3
13.48 2.998 3.003 3
13.49 2.998 2.992 3
13.50 2.998 2.998 3
13.51 2.998 3.001 3
13.52 2.998 2.994 3
13.53 2.998 2.994 3
13.54 2.998 3.012 3
13.55 2.998 2.995 3
13.56 2.998 3.000 3
13.57 2.999 2.999 3
13.58 2.999 2.999 3
13.59 2.999 3.007 3
13.60 2.999 3.004 3
13.61 2.999 2.993 3
13.62 2.999 3.015 3
13.63 2.999 3.014 3
13.64 2.999 2.997 3
13.65 2.999 2.994 3
13.66 2.999 2.995 3
13.67 2.999 2.994 3
13.68 2.999 3.001 3
13.69 2.999 3.008 3
13.70 2.999 3.014 3
13.71 2.999 2.986 3
13.72 2.999 3.018 3
13.73 2.999 3.017 3
13.74 2.999 3.000 3
13.75 2.999 2.997 3
13.76 2.999 2.993 3
13.77 2.999 3.007 3
13.78 2.999 3.016 3
13.79 2.999 2.977 3
13.80 2.999 2.991 3
13.81 2.999 3.000 3
13.82 2.999 3.001 3
13.83 2.999 3.007 3
13.84 2.999 2.977 3
13.85 2.999 3.008 3
13.86 2.999 2.999 3
13.87 2.999 2.998 3
13.88 2.999 3.005 3
13.89 2.999 2.993 3
13.90 2.999 3.011 3
13.91 2.999 3.002 3
13.92 2.999 3.008 3
13.93 2.999 3.024 3
13.94 2.999 3.000 3
13.95 2.999 2.984 3
13.96 2.999 3.003 3
13.97 2.999 3.007 3
13.98 2.999 3.006 3
13.99 2.999 2.997 3
14.00 2.999 3.024 3
14.01 2.999 3.011 3
14.02 2.999 2.986 3
14.03 2.999 3.002 3
14.04 2.999 3.001 3
14.05 2.999 2.983 3
14.06 2.999 3.004 3
14.07 2.999 2.995 3
14.08 2.999 2.988 3
14.09 2.999 3.012 3
14.10 2.999 2.984 3
14.11 3.000 2.994 3
14.12 3.000 3.007 3
14.13 3.000 2.979 3
14.14 3.000 3.002 3
14.15 3.000 2.999 3
14.16 3.000 3.002 3
14.17 3.000 2.996 3
14.18 3.000 2.994 3
14.19 3.000 2.994 3
14.20 3.000 2.995 3
14.21 3.000 2.987 3
14.22 3.000 3.001 3
14.23 3.000 2.995 3
14.24 3.000 2.981 3
14.25 3.000 2.991 3
14.26 3.000 3.004 3
14.27 3.000 2.996 3
14.28 3.000 3.012 3
14.29 3.000 2.998 3
14.30 3.000 3.018 3
14.31 3.000 2.991 3
14.32 3.000 2.993 3
14.33 3.000 2.994 3
14.34 3.000 2.997 3
14.35 3.000 3.006 3
14.36 3.000 3.009 3
14.37 3.000 2.995 3
14.38 3.000 3.025 3
14.39 3.000 3.020 3
14.40 3.000 3.002 3
14.41 3.000 2.996 3
14.42 3.000 3.012 3
14.43 3.000 3.008 3
14.44 3.000 2.999 3
14.45 3.000 3.002 3
14.46 3.000 2.996 3
14.47 3.000 3.003 3
14.48 3.000 3.004 3
14.49 3.000 2.997 3
14.50 3.000 3.007 3
14.51 3.000 2.999 3
14.52 3.000 2.991 3
14.53 3.000 2.978 3
14.54 3.000 2.995 3
14.55 3.000 2.994 3
14.56 3.000 2.994 3
14.57 3.000 3.022 3
14.58 3.000 3.007 3
14.59 3.000 3.001 3
14.60 3.000 2.990 3
14.61 3.000 2.995 3
14.62 3.000 3.002 3
14.63 3.000 3.001 3
14.64 3.000 2.999 3
14.65 3.000 3.015 3
14.66 3.000 3.001 3
14.67 3.000 3.002 3
14.68 3.000 3.007 3
14.69 3.000 2.984 3
14.70 3.000 3.003 3
14.71 3.000 2.998 3
14.72 3.000 2.996 3
14.73 3.000 3.022 3
14.74 3.000 2.998 3
14.75 3.000 3.010 3
14.76 3.000 2.996 3
14.77 3.000 3.001 3
14.78 3.000 3.001 3
14.79 3.000 3.003 3
14.80 3.000 3.017 3
14.81 3.000 3.001 3
14.82 3.000 3.007 3
14.83 3.000 3.008 3
14.84 3.000 3.006 3
14.85 3.000 3.000 3
14.86 3.000 3.004 3
14.87 3.000 3.005 3
14.88 3.000 2.985 3
14.89 3.000 2.964 3
14.90 3.000 2.996 3
14.91 3.000 2.983 3
14.92 3.000 2.993 3
14.93 3.000 2.989 3
14.94 3.000 2.984 3
14.95 3.000 2.994 3
14.96 3.000 2.997 3
14.97 3.000 3.008 3
14.98 3.000 2.994 3
14.99 3.000 3.012 3
15.00 3.000 2.988 3
